0 0.912037 0.147813 0.174074 0.289593
1 0.301852 0.794872 0.174074 0.289593
1 0.296296 0.469080 0.174074 0.289593
1 0.091667 0.461538 0.174074 0.289593
1 0.091667 0.799397 0.174074 0.289593
1 0.097222 0.145551 0.174074 0.288084
1 0.297222 0.145551 0.174074 0.288084
1 0.508333 0.457014 0.174074 0.289593
1 0.724074 0.145551 0.174074 0.288084
1 0.503704 0.145551 0.174074 0.288084
0 0.909259 0.479638 0.174074 0.289593
0 0.708333 0.811463 0.174074 0.289593
0 0.719444 0.463047 0.174074 0.289593
0 0.912500 0.805430 0.175000 0.289593
0 0.505556 0.802413 0.174074 0.289593
