1 0.136656 0.199288 0.168274 0.270463
1 0.687567 0.802491 0.168274 0.270463
1 0.322079 0.500000 0.168274 0.270463
1 0.134512 0.487544 0.168274 0.270463
1 0.868703 0.217082 0.168274 0.270463
1 0.677921 0.211744 0.168274 0.270463
1 0.501072 0.208185 0.168274 0.270463
1 0.322079 0.202847 0.168274 0.270463
1 0.861200 0.510676 0.168274 0.270463
1 0.680064 0.505338 0.168274 0.270463
1 0.501072 0.795374 0.168274 0.270463
1 0.315648 0.795374 0.168274 0.270463
1 0.865488 0.802491 0.168274 0.270463
1 0.504287 0.508897 0.168274 0.270463
0 0.139871 0.784698 0.168274 0.270463
