0 0.206250 0.255859 0.268056 0.117969
0 0.772917 0.248047 0.268056 0.117969
0 0.489583 0.251953 0.268056 0.117969
0 0.214583 0.387109 0.268056 0.117969
0 0.507639 0.383203 0.268056 0.117969
0 0.768750 0.378516 0.268056 0.117969
1 0.213194 0.509766 0.268056 0.117969
0 0.507639 0.510547 0.268056 0.117969
0 0.778472 0.508203 0.268056 0.117969
1 0.213194 0.644141 0.268056 0.117969
0 0.506250 0.644922 0.268056 0.117969
0 0.790972 0.637891 0.268056 0.117969
1 0.213194 0.778516 0.268056 0.117969
0 0.511806 0.776953 0.268056 0.117969
0 0.797917 0.770703 0.268056 0.117969
