1 0.167130 0.405556 0.097222 0.075000
1 0.366204 0.404167 0.097222 0.075000
1 0.464352 0.406250 0.097222 0.075000
1 0.560648 0.403472 0.097222 0.075000
1 0.654167 0.406944 0.097222 0.075000
1 0.653241 0.486111 0.097222 0.075000
1 0.557870 0.482639 0.097222 0.075000
1 0.461574 0.485417 0.097222 0.075000
1 0.361574 0.483333 0.097222 0.075000
1 0.265278 0.485417 0.097222 0.075000
1 0.162500 0.485417 0.097222 0.075000
1 0.163426 0.556944 0.097222 0.075000
1 0.273611 0.557639 0.097222 0.075000
1 0.367130 0.556944 0.097222 0.075000
1 0.463426 0.559722 0.097222 0.075000
1 0.561574 0.556944 0.097222 0.075000
1 0.650463 0.557639 0.097222 0.075000
1 0.367130 0.629861 0.097222 0.075000
1 0.457870 0.628472 0.097222 0.075000
1 0.554167 0.628472 0.097222 0.075000
1 0.649537 0.627778 0.097222 0.075000
0 0.165278 0.638194 0.097222 0.075000
0 0.162500 0.709722 0.097222 0.075000
0 0.271759 0.709722 0.097222 0.075000
0 0.360648 0.705556 0.097222 0.075000
0 0.455093 0.705556 0.097222 0.075000
0 0.554167 0.704861 0.097222 0.075000
0 0.651389 0.704167 0.097222 0.075000
