1 0.227083 0.202344 0.270833 0.162500
1 0.510417 0.226562 0.270833 0.162500
1 0.777083 0.223438 0.270833 0.162500
1 0.218750 0.333594 0.270833 0.162500
1 0.508333 0.346875 0.270833 0.162500
1 0.783333 0.353125 0.270833 0.162500
1 0.205208 0.479687 0.270833 0.162500
1 0.509375 0.489844 0.270833 0.162500
1 0.786458 0.485156 0.270833 0.162500
1 0.226042 0.626563 0.270833 0.162500
1 0.514583 0.621094 0.270833 0.162500
1 0.795833 0.615625 0.270833 0.162500
1 0.219271 0.769141 0.294792 0.161719
1 0.513021 0.756641 0.294792 0.161719
1 0.796354 0.737891 0.294792 0.161719
