1 0.214352 0.303125 0.256481 0.136806
1 0.446759 0.305208 0.256481 0.136806
1 0.218056 0.437153 0.256481 0.136806
1 0.464352 0.435764 0.256481 0.136806
1 0.697685 0.434375 0.256481 0.136806
1 0.232870 0.577431 0.256481 0.136806
1 0.482870 0.570486 0.256481 0.136806
1 0.731944 0.563542 0.256481 0.136806
1 0.225463 0.715625 0.256481 0.136806
1 0.481944 0.703819 0.256481 0.136806
1 0.728241 0.690625 0.256481 0.136806
1 0.224537 0.855903 0.256481 0.136806
1 0.483796 0.844097 0.256481 0.136806
1 0.739352 0.830903 0.256481 0.136806
