0 0.350521 0.397656 0.182292 0.098437
0 0.521354 0.393750 0.182292 0.098437
0 0.701562 0.389062 0.182292 0.098437
0 0.702604 0.490625 0.182292 0.098437
0 0.528646 0.490625 0.182292 0.098437
0 0.348438 0.488281 0.182292 0.098437
0 0.345313 0.585156 0.182292 0.098437
0 0.520312 0.585938 0.182292 0.098437
0 0.701562 0.585156 0.182292 0.098437
0 0.693229 0.685937 0.182292 0.098437
0 0.528646 0.682031 0.182292 0.098437
0 0.347396 0.679688 0.182292 0.098437
0 0.509896 0.771875 0.182292 0.098437
0 0.684896 0.780469 0.182292 0.098437
1 0.341146 0.766406 0.182292 0.098437
