1 0.220139 0.498148 0.169444 0.168519
1 0.384722 0.498148 0.169444 0.168519
1 0.545139 0.495370 0.169444 0.168519
1 0.710417 0.487037 0.169444 0.168519
1 0.878472 0.493519 0.169444 0.168519
1 0.213889 0.658333 0.169444 0.168519
1 0.387500 0.656481 0.169444 0.168519
1 0.545833 0.658333 0.169444 0.168519
1 0.706944 0.653704 0.169444 0.168519
1 0.875000 0.653704 0.169444 0.168519
1 0.875000 0.805556 0.169444 0.168519
1 0.703472 0.812963 0.169444 0.168519
1 0.540278 0.811111 0.169444 0.168519
1 0.382639 0.812963 0.169444 0.168519
1 0.225000 0.809259 0.169444 0.168519
