1 0.200974 0.231250 0.146036 0.125000
1 0.349791 0.230000 0.146036 0.125000
1 0.516690 0.235625 0.146036 0.125000
1 0.654381 0.234375 0.146036 0.125000
1 0.796245 0.238125 0.146036 0.125000
1 0.187065 0.356250 0.146036 0.125000
1 0.342837 0.360000 0.146036 0.125000
1 0.494437 0.356875 0.146036 0.125000
1 0.664117 0.361250 0.146036 0.125000
1 0.812935 0.364375 0.146036 0.125000
1 0.189847 0.526563 0.157163 0.134375
1 0.338665 0.527188 0.157163 0.134375
1 0.493046 0.527188 0.157163 0.134375
1 0.659944 0.525937 0.157163 0.134375
1 0.818498 0.527813 0.157163 0.134375
1 0.494437 0.664062 0.157163 0.134375
1 0.661335 0.665312 0.157163 0.134375
1 0.807371 0.667813 0.157163 0.134375
0 0.338665 0.664062 0.157163 0.134375
0 0.175939 0.660312 0.157163 0.134375
