1 0.257639 0.244922 0.248611 0.107031
1 0.510417 0.230859 0.248611 0.107031
1 0.772917 0.334766 0.248611 0.107031
1 0.265278 0.680469 0.269444 0.126562
1 0.534028 0.557422 0.248611 0.107031
1 0.263194 0.453516 0.248611 0.107031
1 0.514583 0.336328 0.248611 0.107031
1 0.268750 0.562891 0.248611 0.107031
1 0.763194 0.223047 0.248611 0.107031
0 0.786806 0.445703 0.248611 0.107031
0 0.527083 0.448047 0.248611 0.107031
0 0.793750 0.555078 0.248611 0.107031
0 0.809028 0.673828 0.273611 0.125781
1 0.540278 0.680078 0.255556 0.128906
