0 0.228333 0.311822 0.142000 0.118221
0 0.227000 0.428959 0.142000 0.118221
1 0.369667 0.316161 0.142000 0.118221
1 0.547000 0.313991 0.142000 0.118221
1 0.703000 0.316161 0.142000 0.118221
1 0.372333 0.435466 0.142000 0.118221
1 0.548333 0.432213 0.142000 0.118221
1 0.696333 0.440889 0.142000 0.118221
1 0.372667 0.548807 0.148000 0.121475
1 0.542000 0.556399 0.148000 0.121475
1 0.690667 0.565076 0.148000 0.121475
1 0.228000 0.664859 0.148000 0.121475
1 0.371333 0.671367 0.148000 0.121475
1 0.542000 0.672451 0.148000 0.121475
1 0.695333 0.678959 0.148000 0.121475
1 0.235333 0.773319 0.148000 0.121475
1 0.374000 0.784165 0.148000 0.121475
1 0.533333 0.790672 0.148000 0.121475
1 0.683667 0.785792 0.148667 0.137744
