0 0.226008 0.126875 0.187761 0.060000
0 0.445758 0.131250 0.187761 0.060000
0 0.701669 0.130625 0.187761 0.060000
0 0.454103 0.188125 0.187761 0.060000
0 0.213491 0.181875 0.187761 0.060000
0 0.213491 0.241250 0.187761 0.060000
0 0.212100 0.303750 0.187761 0.060000
0 0.206537 0.368125 0.187761 0.060000
0 0.459666 0.248125 0.187761 0.060000
0 0.462448 0.313125 0.187761 0.060000
0 0.462448 0.378125 0.207232 0.062500
0 0.698887 0.382500 0.207232 0.062500
0 0.703060 0.315000 0.207232 0.062500
0 0.711405 0.248750 0.207232 0.062500
0 0.704451 0.191875 0.207232 0.062500
0 0.206537 0.466250 0.207232 0.062500
0 0.456885 0.470625 0.207232 0.062500
0 0.707232 0.469375 0.207232 0.062500
0 0.449930 0.538750 0.207232 0.062500
0 0.704451 0.538750 0.207232 0.062500
0 0.454103 0.606875 0.207232 0.062500
0 0.701669 0.610000 0.207232 0.062500
0 0.451321 0.679375 0.207232 0.062500
0 0.711405 0.681250 0.207232 0.062500
0 0.449930 0.751250 0.207232 0.062500
0 0.718359 0.751875 0.207232 0.062500
1 0.184284 0.539375 0.207232 0.062500
1 0.187065 0.607500 0.207232 0.062500
1 0.189847 0.682813 0.223922 0.069375
0 0.180111 0.757812 0.223922 0.069375
