1 0.321280 0.238125 0.127955 0.073750
1 0.165508 0.238750 0.127955 0.073750
1 0.166898 0.310000 0.127955 0.073750
1 0.164117 0.380625 0.127955 0.073750
1 0.165508 0.448750 0.127955 0.073750
1 0.164117 0.520000 0.127955 0.073750
1 0.173853 0.595000 0.127955 0.073750
1 0.353268 0.591875 0.139082 0.073750
1 0.337969 0.515625 0.139082 0.073750
1 0.342142 0.443750 0.139082 0.073750
1 0.335188 0.375000 0.139082 0.073750
1 0.339360 0.307500 0.139082 0.073750
1 0.484006 0.235000 0.139082 0.073750
1 0.492350 0.306875 0.139082 0.073750
1 0.497914 0.376875 0.139082 0.073750
1 0.510431 0.441875 0.139082 0.073750
1 0.513213 0.511875 0.139082 0.073750
1 0.522949 0.590625 0.139082 0.073750
1 0.702364 0.589375 0.139082 0.073750
1 0.680111 0.513125 0.139082 0.073750
1 0.680111 0.436250 0.139082 0.073750
0 0.662031 0.369375 0.139082 0.073750
0 0.649513 0.298750 0.139082 0.073750
0 0.643950 0.232500 0.139082 0.073750
0 0.792768 0.231250 0.139082 0.073750
0 0.809458 0.303750 0.139082 0.073750
0 0.823366 0.366250 0.139082 0.073750
0 0.840056 0.437500 0.139082 0.073750
0 0.849791 0.506875 0.139082 0.073750
0 0.865090 0.579375 0.139082 0.073750
