1 0.192708 0.351953 0.100000 0.082031
1 0.322917 0.351953 0.100000 0.082031
1 0.455208 0.354297 0.100000 0.082031
1 0.710417 0.359766 0.100000 0.082031
1 0.204167 0.433203 0.100000 0.082031
1 0.327083 0.434766 0.100000 0.082031
1 0.452083 0.436328 0.100000 0.082031
1 0.577083 0.437109 0.100000 0.082031
1 0.693750 0.447266 0.100000 0.082031
1 0.204167 0.510547 0.100000 0.082031
1 0.328125 0.516797 0.100000 0.082031
1 0.456250 0.517578 0.100000 0.082031
1 0.568750 0.521484 0.100000 0.082031
0 0.684375 0.526172 0.100000 0.082031
0 0.214583 0.598047 0.100000 0.082031
0 0.330208 0.601172 0.100000 0.082031
0 0.453125 0.596484 0.100000 0.082031
0 0.576042 0.600391 0.100000 0.082031
0 0.687500 0.604297 0.100000 0.082031
0 0.213542 0.675391 0.100000 0.082031
0 0.323958 0.679297 0.100000 0.082031
0 0.444792 0.678516 0.100000 0.082031
0 0.563542 0.679297 0.100000 0.082031
0 0.680208 0.680078 0.100000 0.082031
0 0.318750 0.752734 0.100000 0.082031
0 0.447917 0.756641 0.100000 0.082031
0 0.556250 0.757422 0.100000 0.082031
0 0.673958 0.757422 0.100000 0.082031
1 0.198958 0.752734 0.100000 0.082031
