1 0.180111 0.238437 0.165508 0.115625
1 0.331711 0.248125 0.196106 0.127500
1 0.502782 0.248750 0.196106 0.127500
1 0.672462 0.250000 0.196106 0.127500
1 0.833797 0.259375 0.196106 0.127500
1 0.522253 0.369375 0.196106 0.127500
1 0.351182 0.381250 0.196106 0.127500
1 0.156467 0.373750 0.196106 0.127500
1 0.159249 0.509375 0.196106 0.127500
1 0.337274 0.505625 0.196106 0.127500
1 0.509736 0.513125 0.196106 0.127500
1 0.831015 0.827500 0.196106 0.127500
0 0.683588 0.512813 0.171071 0.120625
0 0.836579 0.514062 0.171071 0.120625
0 0.814325 0.694063 0.171071 0.120625
0 0.619611 0.691562 0.171071 0.120625
0 0.424896 0.694688 0.171071 0.120625
0 0.226008 0.697187 0.171071 0.120625
0 0.086926 0.693438 0.171071 0.120625
0 0.089708 0.815312 0.171071 0.120625
0 0.238526 0.825313 0.171071 0.120625
0 0.431850 0.818438 0.171071 0.120625
0 0.626565 0.822187 0.171071 0.120625
