1 0.109464 0.150278 0.125428 0.159555
1 0.248575 0.179963 0.125428 0.159555
1 0.378563 0.176252 0.125428 0.159555
1 0.521095 0.174397 0.125428 0.159555
1 0.637400 0.179963 0.125428 0.159555
1 0.765108 0.191095 0.125428 0.159555
1 0.906499 0.172542 0.125428 0.159555
1 0.892816 0.397032 0.125428 0.159555
1 0.757127 0.387755 0.125428 0.159555
1 0.610034 0.391466 0.125428 0.159555
1 0.507412 0.395176 0.125428 0.159555
1 0.400228 0.387755 0.125428 0.159555
1 0.246294 0.391466 0.125428 0.159555
1 0.132269 0.382189 0.125428 0.159555
1 0.117446 0.632653 0.125428 0.159555
1 0.261117 0.617811 0.125428 0.159555
1 0.393387 0.623377 0.125428 0.159555
1 0.521095 0.619666 0.125428 0.159555
1 0.630559 0.619666 0.125428 0.159555
1 0.750285 0.610390 0.125428 0.159555
1 0.765108 0.840445 0.125428 0.159555
1 0.647662 0.851577 0.125428 0.159555
1 0.513113 0.833024 0.125428 0.159555
1 0.388826 0.857143 0.125428 0.159555
1 0.247434 0.853432 0.125428 0.159555
1 0.102623 0.858998 0.125428 0.159555
1 0.893957 0.619666 0.125428 0.159555
0 0.895097 0.839518 0.100342 0.250464
