1 0.076923 0.299133 0.089186 0.280347
1 0.163880 0.273121 0.089186 0.280347
1 0.264214 0.258671 0.089186 0.280347
1 0.364548 0.255780 0.089186 0.280347
1 0.452620 0.221098 0.089186 0.280347
1 0.547380 0.218208 0.089186 0.280347
1 0.644370 0.203757 0.089186 0.280347
1 0.745819 0.215318 0.089186 0.280347
1 0.839465 0.209538 0.089186 0.280347
1 0.927536 0.203757 0.089186 0.280347
1 0.929766 0.481214 0.089186 0.280347
1 0.936455 0.735549 0.089186 0.280347
1 0.840580 0.732659 0.089186 0.280347
1 0.745819 0.755780 0.089186 0.280347
1 0.649944 0.755780 0.089186 0.280347
1 0.552954 0.773121 0.089186 0.280347
1 0.460424 0.764451 0.089186 0.280347
1 0.358974 0.764451 0.089186 0.280347
1 0.276477 0.784682 0.089186 0.280347
1 0.176143 0.764451 0.089186 0.280347
1 0.082497 0.790462 0.089186 0.280347
