0 0.117692 0.229829 0.115385 0.195599
0 0.245385 0.224939 0.115385 0.195599
0 0.370000 0.239609 0.115385 0.195599
0 0.499231 0.251834 0.115385 0.195599
0 0.626923 0.242054 0.115385 0.195599
0 0.754615 0.227384 0.115385 0.195599
0 0.750000 0.454768 0.115385 0.195599
0 0.490000 0.447433 0.115385 0.195599
0 0.379231 0.447433 0.115385 0.195599
0 0.366923 0.665037 0.115385 0.195599
0 0.128462 0.679707 0.115385 0.195599
0 0.491538 0.679707 0.115385 0.195599
0 0.750000 0.660147 0.115385 0.195599
0 0.879231 0.684597 0.115385 0.195599
0 0.363846 0.877751 0.115385 0.195599
0 0.130000 0.900978 0.115385 0.198044
0 0.620769 0.900978 0.115385 0.198044
0 0.748462 0.900978 0.115385 0.198044
1 0.241538 0.733496 0.126154 0.176039
1 0.256923 0.640587 0.126154 0.176039
1 0.250769 0.432763 0.126154 0.176039
1 0.112308 0.459658 0.126154 0.176039
1 0.898462 0.229829 0.126154 0.176039
1 0.889231 0.437653 0.126154 0.176039
1 0.616923 0.486553 0.126154 0.176039
1 0.621538 0.657702 0.126154 0.176039
1 0.252308 0.894866 0.126154 0.176039
1 0.496923 0.910758 0.126154 0.178484
