1 0.234848 0.168461 0.210227 0.149462
1 0.517992 0.192527 0.210227 0.149462
1 0.792614 0.184927 0.210227 0.149462
1 0.770833 0.325522 0.210227 0.149462
1 0.500000 0.333756 0.210227 0.149462
1 0.233902 0.361621 0.210227 0.149462
1 0.236742 0.471184 0.210227 0.149462
1 0.537879 0.477517 0.210227 0.149462
1 0.798295 0.504750 0.210227 0.149462
1 0.775568 0.630146 0.210227 0.149462
1 0.481061 0.621913 0.210227 0.149462
1 0.242424 0.644079 0.210227 0.149462
1 0.250947 0.787840 0.210227 0.149462
1 0.533144 0.792907 0.210227 0.149462
1 0.779356 0.766308 0.210227 0.149462
