1 0.102829 0.140704 0.144723 0.211055
1 0.232318 0.139028 0.144723 0.211055
1 0.386834 0.160804 0.144723 0.211055
1 0.514146 0.165829 0.144723 0.211055
1 0.649075 0.152429 0.144723 0.211055
1 0.793798 0.160804 0.144723 0.211055
1 0.905876 0.175879 0.144723 0.211055
1 0.898259 0.378559 0.144723 0.211055
1 0.730686 0.376884 0.144723 0.211055
1 0.634929 0.383585 0.144723 0.211055
1 0.513058 0.388610 0.144723 0.211055
1 0.231230 0.361809 0.144723 0.211055
1 0.370511 0.371859 0.144723 0.211055
1 0.097388 0.361809 0.144723 0.211055
1 0.101741 0.629816 0.144723 0.211055
1 0.234494 0.636516 0.144723 0.211055
1 0.382481 0.639866 0.144723 0.211055
1 0.515234 0.639866 0.144723 0.211055
1 0.658868 0.643216 0.144723 0.211055
1 0.780740 0.860972 0.144723 0.211055
1 0.627312 0.893635 0.144723 0.212730
1 0.917845 0.644891 0.144723 0.211055
1 0.927639 0.891122 0.144723 0.211055
1 0.788357 0.646566 0.144723 0.211055
1 0.495647 0.894472 0.144723 0.211055
1 0.372688 0.877722 0.144723 0.211055
1 0.220348 0.887772 0.144723 0.211055
1 0.085419 0.871022 0.144723 0.211055
