1 0.138426 0.201117 0.089815 0.216015
1 0.293981 0.212291 0.089815 0.216015
1 0.447685 0.208566 0.089815 0.216015
1 0.376389 0.353818 0.089815 0.216015
1 0.299537 0.474860 0.089815 0.216015
1 0.223611 0.357542 0.089815 0.216015
1 0.145833 0.478585 0.089815 0.216015
1 0.218981 0.672253 0.089815 0.216015
1 0.145833 0.774674 0.089815 0.216015
1 0.294907 0.515829 0.089815 0.216015
1 0.295833 0.780261 0.089815 0.216015
1 0.373611 0.638734 0.089815 0.216015
1 0.442130 0.802607 0.089815 0.216015
1 0.448611 0.504655 0.089815 0.216015
0 0.508333 0.356611 0.094444 0.173184
0 0.590741 0.203911 0.094444 0.173184
0 0.669444 0.369646 0.094444 0.173184
0 0.583333 0.544693 0.094444 0.173184
0 0.520370 0.648976 0.094444 0.173184
0 0.598148 0.786778 0.094444 0.173184
0 0.670370 0.648976 0.094444 0.173184
0 0.733333 0.513035 0.094444 0.173184
0 0.818519 0.375233 0.094444 0.173184
0 0.735185 0.209497 0.094444 0.173184
0 0.816667 0.647114 0.094444 0.173184
0 0.748148 0.790503 0.094444 0.173184
