1 0.134259 0.177069 0.183333 0.150611
0 0.315278 0.185210 0.169444 0.147897
0 0.843981 0.848033 0.173148 0.149254
0 0.847222 0.318182 0.166667 0.131615
0 0.840741 0.179104 0.174074 0.122117
0 0.662037 0.451832 0.166667 0.138399
1 0.495833 0.183175 0.165741 0.143826
1 0.667130 0.179104 0.163889 0.135685
1 0.136111 0.323609 0.168519 0.126187
1 0.314352 0.333786 0.171296 0.141113
1 0.495833 0.323609 0.171296 0.112619
1 0.671759 0.320896 0.165741 0.123474
1 0.135185 0.459294 0.170370 0.120760
1 0.314815 0.462687 0.183333 0.119403
1 0.495833 0.466757 0.163889 0.138399
1 0.846759 0.455224 0.175000 0.123474
1 0.136574 0.599050 0.176852 0.131615
1 0.316204 0.602442 0.173148 0.130258
1 0.491204 0.603121 0.160185 0.126187
1 0.664815 0.589552 0.170370 0.123474
1 0.856481 0.595658 0.181481 0.132972
1 0.142130 0.736092 0.178704 0.128901
1 0.318519 0.734057 0.166667 0.122117
1 0.493056 0.731343 0.147222 0.119403
1 0.661574 0.725916 0.160185 0.132972
1 0.846296 0.726594 0.172222 0.126187
1 0.136111 0.860923 0.172222 0.112619
1 0.314815 0.864993 0.166667 0.131615
1 0.493056 0.860244 0.169444 0.146540
1 0.662500 0.851425 0.175000 0.128901
