0 0.093364 0.065129 0.152778 0.103121
0 0.259259 0.057666 0.145062 0.112619
0 0.413580 0.057666 0.145062 0.112619
0 0.583333 0.065129 0.145062 0.113976
0 0.739198 0.061058 0.145062 0.113976
0 0.887346 0.063772 0.145062 0.113976
0 0.887346 0.149254 0.145062 0.113976
0 0.729938 0.160109 0.145062 0.113976
0 0.574074 0.157395 0.145062 0.113976
0 0.412037 0.160109 0.145062 0.113976
0 0.263889 0.154681 0.145062 0.113976
0 0.095679 0.153324 0.145062 0.113976
0 0.100309 0.244233 0.145062 0.113976
0 0.262346 0.253731 0.145062 0.113976
0 0.462963 0.263229 0.145062 0.113976
0 0.592593 0.265943 0.145062 0.113976
0 0.740741 0.256445 0.145062 0.113976
0 0.895062 0.284939 0.145062 0.113976
0 0.885802 0.359566 0.145062 0.113976
0 0.729938 0.362280 0.145062 0.113976
0 0.577160 0.363636 0.145062 0.113976
0 0.430556 0.360923 0.145062 0.113976
0 0.265432 0.356852 0.145062 0.113976
0 0.097222 0.348711 0.145062 0.113976
0 0.103395 0.465400 0.145062 0.113976
0 0.260802 0.462687 0.145062 0.113976
0 0.413580 0.459973 0.145062 0.113976
0 0.581790 0.464043 0.145062 0.113976
0 0.750000 0.478969 0.145062 0.113976
0 0.893519 0.466757 0.145062 0.113976
0 0.884259 0.563094 0.145062 0.113976
0 0.740741 0.580733 0.145062 0.113976
0 0.577160 0.561737 0.145062 0.113976
0 0.421296 0.556309 0.145062 0.113976
0 0.265432 0.572592 0.145062 0.113976
0 0.103395 0.573948 0.145062 0.113976
0 0.108025 0.668928 0.145062 0.113976
0 0.100309 0.758480 0.145062 0.113976
0 0.097222 0.861601 0.145062 0.113976
0 0.109568 0.942334 0.145062 0.115332
0 0.280864 0.942334 0.145062 0.115332
0 0.260802 0.834464 0.145062 0.113976
0 0.256173 0.727273 0.145062 0.113976
0 0.425926 0.747626 0.145062 0.113976
0 0.421296 0.862958 0.145062 0.113976
0 0.429012 0.943012 0.145062 0.113976
0 0.594136 0.943012 0.145062 0.113976
0 0.570988 0.849389 0.145062 0.113976
0 0.569444 0.725916 0.145062 0.113976
0 0.567901 0.654003 0.145062 0.113976
0 0.733025 0.660787 0.145062 0.113976
0 0.887346 0.658073 0.145062 0.113976
0 0.885802 0.744912 0.145062 0.113976
0 0.745370 0.765265 0.145062 0.113976
0 0.720679 0.849389 0.145062 0.113976
0 0.896605 0.846676 0.145062 0.113976
0 0.731481 0.942334 0.145062 0.115332
0 0.891975 0.942334 0.145062 0.115332
