0 0.149606 0.096154 0.165354 0.168269
0 0.334646 0.104167 0.165354 0.168269
0 0.492126 0.123397 0.165354 0.168269
0 0.683727 0.103365 0.165354 0.168269
0 0.825459 0.104968 0.165354 0.168269
0 0.686352 0.319712 0.165354 0.168269
0 0.842520 0.322115 0.165354 0.168269
0 0.468504 0.328526 0.165354 0.168269
0 0.300525 0.322917 0.165354 0.168269
0 0.153543 0.314103 0.165354 0.168269
0 0.128609 0.543269 0.165354 0.168269
0 0.324147 0.549679 0.165354 0.168269
0 0.494751 0.560096 0.165354 0.168269
0 0.669291 0.556891 0.165354 0.168269
0 0.864829 0.588141 0.165354 0.168269
0 0.880577 0.828926 0.207349 0.229968
0 0.640420 0.828926 0.207349 0.229968
0 0.481627 0.808894 0.207349 0.229968
0 0.290026 0.824119 0.207349 0.229968
0 0.106299 0.805689 0.207349 0.229968
