1 0.266537 0.234101 0.216602 0.134562
0 0.522049 0.235023 0.278859 0.145622
0 0.765240 0.235945 0.189364 0.156682
0 0.282101 0.383410 0.216602 0.125346
0 0.269780 0.521198 0.210117 0.124424
0 0.276913 0.664055 0.237354 0.137327
0 0.272374 0.814286 0.241245 0.142857
0 0.505837 0.672811 0.199741 0.147465
0 0.749027 0.668203 0.232166 0.141935
1 0.512322 0.389862 0.220493 0.125346
1 0.762646 0.382488 0.233463 0.101382
1 0.756161 0.523502 0.233463 0.130876
1 0.504540 0.531336 0.210117 0.117051
1 0.760700 0.829032 0.242542 0.164977
1 0.518158 0.822581 0.211414 0.128111
