0 0.211356 0.264773 0.214511 0.156818
0 0.468454 0.326136 0.230284 0.184091
0 0.731861 0.239773 0.271293 0.170455
0 0.476341 0.527273 0.246057 0.195455
1 0.189274 0.459091 0.252366 0.168182
1 0.719243 0.434091 0.246057 0.163636
1 0.203470 0.618182 0.261830 0.159091
1 0.720820 0.628409 0.242902 0.202273
1 0.440063 0.707955 0.268139 0.188636
1 0.175079 0.797727 0.280757 0.159091
1 0.416404 0.894318 0.283912 0.170455
1 0.730284 0.811364 0.318612 0.159091
1 0.703470 0.946591 0.296530 0.106818
1 0.165615 0.946591 0.198738 0.106818
